acc-p0: 0.5027522935779817 +- 0
acc-p2: 0.6134556574923548 +- 0
acc-p4: 0.6134556574923548 +- 0
acc-all-p: 0.5765545361875637 +- 0.0639146169561604
