acc-p0: 0.6217125382262997 +- 0
acc-all-p: 0.6217125382262997 +- 0
